Webots Project File version R2021a
perspectives: 000000ff00000000fd000000030000000000000320000003b6fc0100000002fb0000001e00480074006d006c0052006f0062006f007400570069006e0064006f00770000000000000003200000000000000000fb0000001a0044006f00630075006d0065006e0074006100740069006f006e0000000000ffffffff0000006900ffffff000000010000025400000304fc0200000001fb0000001400540065007800740045006400690074006f0072010000001a000003040000008700ffffff0000000300000780000000b0fc0100000002fc00000000000007800000006900fffffffa000000000100000001fb0000001a0043006f006e0073006f006c00650041006c006c0041006c006c0100000000ffffffff0000006900fffffffb0000001a0043006f006e0073006f006c00650041006c006c0041006c006c01000000000000078000000000000000000000052a0000030400000001000000020000000100000008fc00000000
simulationViewPerspectives: 000000ff0000000100000002000001480000050b0100000002010000000100
sceneTreePerspectives: 000000ff0000000100000002000000c0000000fa0100000002010000000200
minimizedPerspectives: 000000ff00000000fd000000030000000000000320000003b6fc0100000002fb0000001e00480074006d006c0052006f0062006f007400570069006e0064006f00770000000000000003200000000000000000fb0000001a0044006f00630075006d0065006e0074006100740069006f006e0000000000ffffffff0000006900ffffff00000001000001fb00000304fc0200000001fb0000001400540065007800740045006400690074006f0072010000001a000003040000008700ffffff0000000300000780000000b0fc0100000001fc00000000000007800000006900fffffffa000000000100000002fb0000001a0043006f006e0073006f006c00650041006c006c0041006c006c0100000000ffffffff0000006900fffffffb0000001a0043006f006e0073006f006c00650041006c006c0041006c006c0100000000ffffffff0000000000000000000005830000030400000001000000020000000100000008fc00000000
maximizedDockId: -1
centralWidgetVisible: 1
orthographicViewHeight: 1
textFiles: 0 "controllers/testrobo/testrobo.cpp" "controllers/gate1_controller/gate1_controller.cpp" "controllers/gate2_controller/gate2_controller.cpp"
globalOptionalRendering: CoordinateSystem
consoles: Console:All:All
renderingDevicePerspectives: Nota:camera;1;1;0.0862222;0
renderingDevicePerspectives: Nota:display;1;0.984375;0;0
